0000000000000000000000000000000000000000000
1100000001110000000000000000000000000000000
1100000010011010000000000000000000000000000
1100000010010110000000000000000000000000000
1100000010101010000000000000000000000000000
1100000010101110000000000000000000000000000
1111111111111010001000010000010000000000000
1100000010011100000000000000000000000000000
1100000011000000000000000000000000000000000
0000000000000000000000000000000000000000000
0000000000000000000000000000000000000000000
1100000001110100000000011000000000000000000
1100000000011000000000000001110001000000000
0000000000000000000000000000000000000000000
0000000000000000000000000000000000000000000
0000000000000000000000000000000000000000000
1111111111110100000000001110010000000001000
0000000000000000000000001101010000000000000
1111111111110000000000000001100000000000000
1100000011000000000000001110000000000000000
0000000000000000000000000000000000000000000
1100000010000000000000000000000000000000000
1100000001100000000000111110000000000100111
0000000000000000000000000000000000000000000
1100000001110100000000110110000000000000000
1111111111110100000000000010010000000000000
1111111111011100000000000010000001100000000
0000000000000011000000001100000000000000000
1100000010000100000000000000000000000000000
1111111111111010000000000000010000000000000
1111111111011100000000001110000001000000000
1000000000000010001000010000010000000000000
0000000000000100000000000001110001000000000
1000000000000110001000010000010000000000000
0000000000100000000000000001110001000000000
1000000000001010001000010000010000000000000
0000000000111100000000000001110001000000000
1000000000001110001000010000010000000000000
0000000001011000000000000001110001000000000
1000000000010010001000010000010000000000000
0000000001110100000000000001110001000000000
1000000000010110001000010000010000000000000
0000000010010000000000000001110001000000000
1000000000011010001000010000010000000000000
0000000010101100000000000001110001000000000
1000000000011110001000010000010000000000000
0000000011001000000000000001110001000000000
0000000000010000000000010000010000000000000
0000000000001000000000010000011010000000000
0000000000000010001000010000010001001000000
0000000000000110001000010000010001000000000
0000000000001100000000000001110001000000000
0000000000010100000000000001111001000000000
0000000000101100000000010010010000000000000
0000000000100100000000010010011010000000000
0000000000011110001000010000010001001000000
0000000000100010001000010000010001000000000
0000000000101000000000000001110001000000000
0000000000110000000000000001111001000000000
0000000001001000000000010100010000000000000
0000000001000000000000010100011010000000000
0000000000111010001000010000010001001000000
0000000000111110001000010000010001000000000
0000000001000100000000000001110001000000000
0000000001001100000000000001111001000000000
0000000001100100000000010110010000000000000
0000000001011100000000010110011010000000000
0000000001010110001000010000010001001000000
0000000001011010001000010000010001000000000
0000000001100000000000000001110001000000000
0000000001101000000000000001111001000000000
0000000010000000000000011000010000000000000
0000000001111000000000011000011010000000000
0000000001110010001000010000010001001000000
0000000001110110001000010000010001000000000
0000000001111100000000000001110001000000000
0000000010000100000000000001111001000000000
0000000010011100000000011010010000000000000
0000000010010100000000011010011010000000000
0000000010001110001000010000010001001000000
0000000010010010001000010000010001000000000
0000000010011000000000000001110001000000000
0000000010100000000000000001111001000000000
0000000010111000000000011100010000000000000
0000000010110000000000011100011010000000000
0000000010101010001000010000010001001000000
0000000010101110001000010000010001000000000
0000000010110100000000000001110001000000000
0000000010111100000000000001111001000000000
0000000011010100000000011110010000000000000
0000000011001100000000011110011010000000000
0000000011000110001000010000010001001000000
0000000011001010001000010000010001000000000
0000000011010000000000000001110001000000000
0000000011011000000000000001111001000000000
0000000000101010001000010000010000000000000
1000001100000100000000000001110001000000000
0000000001000110001000010000010000000000000
1000001100001000000000000001110001000000000
0000000001100010001000010000010000000000000
1000001100001100000000000001110001000000000
0000000001111110001000010000010000000000000
1000001100010000000000000001110001000000000
0000000010011010001000010000010000000000000
1000001100010100000000000001110001000000000
0000000010110110001000010000010000000000000
1000001100011000000000000001110001000000000
0000000011010010001000010000010000000000000
1000001100011100000000000001110001000000000
0000000000001110001000010000010000000000000
1000001100100000000000000001110001000000000
0000000000101010001000010000010000000000000
1000001100100100000000000001110001000000000
0000000001000110001000010000010000000000000
1000001100101000000000000001110001000000000
0000000001100010001000010000010000000000000
1000001100101100000000000001110001000000000
0000000001111110001000010000010000000000000
1000001100110000000000000001110001000000000
0000000010011010001000010000010000000000000
1000001100110100000000000001110001000000000
0000000010110110001000010000010000000000000
1000001100111000000000000001110001000000000
0000000011010010001000010000010000000000000
1000001100111100000000000001110001000000000
0000000000001110001000010000010000000000000
1000001100000000000000000001110001000000000
0000000000000000000000000000000000000000000
1100000000011000000000000000000000000000000
0000000000000000000000000000000000000000000
1100000001100000000000100000000000000000000
0000000000000000000000000000000000000000000
