0000000000000000000000000000000000000000000
1100000001110000000000000000000000000000000
1100000010011010000000000000000000000000000
1100000010010110000000000000000000000000000
1100000010101010000000000000000000000000000
1100000010101110000000000000000000000000000
1111111111111010001000010000010000000000000
1100000010011100000000000000000000000000000
1100000011000000000000000000000000000000000
0000000000000000000000000000000000000000000
0000000000000000000000000000000000000000000
1100000001110100000000011000000000000000000
1100000000011000000000000001110001000000000
0000000000000000000000000000000000000000000
0000000000000000000000000000000000000000000
0000000000000000000000000000000000000000000
1111111111110100000000001110010000000001000
0000000000000000000000001101010000000000000
1111111111110000000000000001100000000000000
1100000011000000000000001110000000000000000
0000000000000000000000000000000000000000000
1100000010000000000000000000000000000000000
1100000001100000000000111110000000000100111
0000000000000000000000000000000000000000000
1100000001110100000000110110000000000000000
1111111111110100000000000010010000000000000
1111111111011100000000000010000001100000000
0000000000000011000000001100000000000000000
1100000010000100000000000000000000000000000
1111111111111010000000000000010000000000000
1111111111011100000000001110000001000000000
1000000100000010001000010000010000000000000
0000000010101100000000000001110001000000000
1000000100000110001000010000010000000000000
0000000000000100000000000001110001000000000
1000000100001010001000010000010000000000000
0000000000100000000000000001110001000000000
1000000100001110001000010000010000000000000
0000000011001000000000000001110001000000000
1000000100010010001000010000010000000000000
0000000000111100000000000001110001000000000
1000000100010110001000010000010000000000000
0000000001011000000000000001110001000000000
1000000100011010001000010000010000000000000
0000000001110100000000000001110001000000000
1000000100011110001000010000010000000000000
0000000010010000000000000001110001000000000
0000000000010000000000010000010000000000000
0000000000001000000000010000011010000000000
0000000000000010001000010000010001001000000
0000000000000110001000010000010001000000000
0000000000001100000000000001110001000000000
0000000000010100000000000001111001000000000
0000000000101100000000010010010000000000000
0000000000100100000000010010011010000000000
0000000000011110001000010000010001001000000
0000000000100010001000010000010001000000000
0000000000101000000000000001110001000000000
0000000000110000000000000001111001000000000
0000000001001000000000010100010000000000000
0000000001000000000000010100011010000000000
0000000000111010001000010000010001001000000
0000000000111110001000010000010001000000000
0000000001000100000000000001110001000000000
0000000001001100000000000001111001000000000
0000000001100100000000010110010000000000000
0000000001011100000000010110011010000000000
0000000001010110001000010000010001001000000
0000000001011010001000010000010001000000000
0000000001100000000000000001110001000000000
0000000001101000000000000001111001000000000
0000000010000000000000011000010000000000000
0000000001111000000000011000011010000000000
0000000001110010001000010000010001001000000
0000000001110110001000010000010001000000000
0000000001111100000000000001110001000000000
0000000010000100000000000001111001000000000
0000000010011100000000011010010000000000000
0000000010010100000000011010011010000000000
0000000010001110001000010000010001001000000
0000000010010010001000010000010001000000000
0000000010011000000000000001110001000000000
0000000010100000000000000001111001000000000
0000000010111000000000011100010000000000000
0000000010110000000000011100011010000000000
0000000010101010001000010000010001001000000
0000000010101110001000010000010001000000000
0000000010110100000000000001110001000000000
0000000010111100000000000001111001000000000
0000000011010100000000011110010000000000000
0000000011001100000000011110011010000000000
0000000011000110001000010000010001001000000
0000000011001010001000010000010001000000000
0000000011010000000000000001110001000000000
0000000011011000000000000001111001000000000
0000000010110100000000000001100000000000000
0000000010110110001000010000010000000000000
0000000011111000000000000001110001000000000
1111111111011100000000101010000001000000000
1111111111011100000000101100001001000000000
0000000010110111111111111110010000000000000
0000000011110000000000000001110001000000000
0000000011110100000000000001111001000000000
0000000011101010001000010000010000000000000
0000000011101000000000100000010001001000000
0000000011110100000000100000010001000000000
0000000011100010001000010000011010000000000
0000000011100000000000100000010001001000000
0000000011110000000000100000010001000000000
0000000011100100000000000001110001000000000
0000000011101100000000000001111001000000000
1111111111011100000000100110000001000000000
1111111111011100000000101000001001000000000
0000000000001100000000000001100000000000000
0000000000001110001000010000010000000000000
0000000100001100000000000001110001000000000
1111111111011100000000111000000001000000000
1111111111011100000000111010001001000000000
0000000000001111111111111110010000000000000
0000000011110000000000000001110001000000000
0000000011110100000000000001111001000000000
0000000100000110001000010000010000000000000
0000000100000100000000101110010001001000000
0000000011110100000000101110010001000000000
0000000011111110001000010000011010000000000
0000000011111100000000101110010001001000000
0000000011110000000000101110010001000000000
0000000100000000000000000001110001000000000
0000000100001000000000000001111001000000000
1111111111011100000000110100000001000000000
1111111111011100000000110110001001000000000
0000000000101000000000000001100000000000000
0000000000101010001000010000010000000000000
0000000100100000000000000001110001000000000
1111111111011100000001000110000001000000000
1111111111011100000001001000001001000000000
0000000000101011111111111110010000000000000
0000000011110000000000000001110001000000000
0000000011110100000000000001111001000000000
0000000100011010001000010000010000000000000
0000000100011000000000111100010001001000000
0000000011110100000000111100010001000000000
0000000100010010001000010000011010000000000
0000000100010000000000111100010001001000000
0000000011110000000000111100010001000000000
0000000100010100000000000001110001000000000
0000000100011100000000000001111001000000000
1111111111011100000001000010000001000000000
1111111111011100000001000100001001000000000
0000000011010000000000000001100000000000000
0000000011010010001000010000010000000000000
0000000100110100000000000001110001000000000
1111111111011100000001010100000001000000000
1111111111011100000001010110001001000000000
0000000011010011111111111110010000000000000
0000000011110000000000000001110001000000000
0000000011110100000000000001111001000000000
0000000100101110001000010000010000000000000
0000000100101100000001001010010001001000000
0000000011110100000001001010010001000000000
0000000100100110001000010000011010000000000
0000000100100100000001001010010001001000000
0000000011110000000001001010010001000000000
0000000100101000000000000001110001000000000
0000000100110000000000000001111001000000000
1111111111011100000001010000000001000000000
1111111111011100000001010010001001000000000
0000000001000100000000000001100000000000000
0000000001000110001000010000010000000000000
0000000101001000000000000001110001000000000
1111111111011100000001100010000001000000000
1111111111011100000001100100001001000000000
0000000001000111111111111110010000000000000
0000000011110000000000000001110001000000000
0000000011110100000000000001111001000000000
0000000101000010001000010000010000000000000
0000000101000000000001011000010001001000000
0000000011110100000001011000010001000000000
0000000100111010001000010000011010000000000
0000000100111000000001011000010001001000000
0000000011110000000001011000010001000000000
0000000100111100000000000001110001000000000
0000000101000100000000000001111001000000000
1111111111011100000001011110000001000000000
1111111111011100000001100000001001000000000
0000000001100000000000000001100000000000000
0000000001100010001000010000010000000000000
0000000101011100000000000001110001000000000
1111111111011100000001110000000001000000000
1111111111011100000001110010001001000000000
0000000001100011111111111110010000000000000
0000000011110000000000000001110001000000000
0000000011110100000000000001111001000000000
0000000101010110001000010000010000000000000
0000000101010100000001100110010001001000000
0000000011110100000001100110010001000000000
0000000101001110001000010000011010000000000
0000000101001100000001100110010001001000000
0000000011110000000001100110010001000000000
0000000101010000000000000001110001000000000
0000000101011000000000000001111001000000000
1111111111011100000001101100000001000000000
1111111111011100000001101110001001000000000
0000000001111100000000000001100000000000000
0000000001111110001000010000010000000000000
0000000101110000000000000001110001000000000
1111111111011100000001111110000001000000000
1111111111011100000010000000001001000000000
0000000001111111111111111110010000000000000
0000000011110000000000000001110001000000000
0000000011110100000000000001111001000000000
0000000101101010001000010000010000000000000
0000000101101000000001110100010001001000000
0000000011110100000001110100010001000000000
0000000101100010001000010000011010000000000
0000000101100000000001110100010001001000000
0000000011110000000001110100010001000000000
0000000101100100000000000001110001000000000
0000000101101100000000000001111001000000000
1111111111011100000001111010000001000000000
1111111111011100000001111100001001000000000
0000000010011000000000000001100000000000000
0000000010011010001000010000010000000000000
0000000110000100000000000001110001000000000
1111111111011100000010001100000001000000000
1111111111011100000010001110001001000000000
0000000010011011111111111110010000000000000
0000000011110000000000000001110001000000000
0000000011110100000000000001111001000000000
0000000101111110001000010000010000000000000
0000000101111100000010000010010001001000000
0000000011110100000010000010010001000000000
0000000101110110001000010000011010000000000
0000000101110100000010000010010001001000000
0000000011110000000010000010010001000000000
0000000101111000000000000001110001000000000
0000000110000000000000000001111001000000000
1111111111011100000010001000000001000000000
1111111111011100000010001010001001000000000
0000000011111010001000010000010000000000000
1000001100000000000000000001110001000000000
0000000100001110001000010000010000000000000
1000001100000100000000000001110001000000000
0000000100100010001000010000010000000000000
1000001100001000000000000001110001000000000
0000000100110110001000010000010000000000000
1000001100001100000000000001110001000000000
0000000101001010001000010000010000000000000
1000001100010000000000000001110001000000000
0000000101011110001000010000010000000000000
1000001100010100000000000001110001000000000
0000000101110010001000010000010000000000000
1000001100011000000000000001110001000000000
0000000110000110001000010000010000000000000
1000001100011100000000000001110001000000000
0000000011111010001000010000010000000000000
1000001100100000000000000001110001000000000
0000000100001110001000010000010000000000000
1000001100100100000000000001110001000000000
0000000100100010001000010000010000000000000
1000001100101000000000000001110001000000000
0000000100110110001000010000010000000000000
1000001100101100000000000001110001000000000
0000000101001010001000010000010000000000000
1000001100110000000000000001110001000000000
0000000101011110001000010000010000000000000
1000001100110100000000000001110001000000000
0000000101110010001000010000010000000000000
1000001100111000000000000001110001000000000
0000000110000110001000010000010000000000000
1000001100111100000000000001110001000000000
0000000000000000000000000000000000000000000
1100000000011000000000000000000000000000000
0000000000000000000000000000000000000000000
1100000001100000000000100000000000000000000
0000000000000000000000000000000000000000000
