0000000000000000000000000000000000000000000
1100000001110000000000000000000000000000000
1100000010011010000000000000000000000000000
1100000010010110000000000000000000000000000
1100000010101010000000000000000000000000000
1100000010101110000000000000000000000000000
1111111111111010001000010000010000000000000
1100000010011100000000000000000000000000000
1100000011000000000000000000000000000000000
0000000000000000000000000000000000000000000
0000000000000000000000000000000000000000000
1100000001110100000000011000000000000000000
1100000000011000000000000001110001000000000
0000000000000000000000000000000000000000000
0000000000000000000000000000000000000000000
0000000000000000000000000000000000000000000
1111111111110100000000001110010000000001000
0000000000000000000000001101010000000000000
1111111111110000000000000001100000000000000
1100000011000000000000001110000000000000000
0000000000000000000000000000000000000000000
1100000010000000000000000000000000000000000
1100000001100000000000111110000000000100111
0000000000000000000000000000000000000000000
1100000001110100000000110110000000000000000
1111111111110100000000000010010000000000000
1111111111011100000000000010000001100000000
0000000000000011000000001100000000000000000
1100000010000100000000000000000000000000000
1111111111111010000000000000010000000000000
1111111111011100000000001110000001000000000
0000000000001110001000111110010000000000000
0000000000000110001000010000010001000000000
0000000000000000000000010011010000000000000
1111111111110010001000110000010001000000000
0000000000000000000000010001010000000000000
0000000000001000000000000001110101000000000
0000000000010000000000000001111001000000000
0000000000001000000000000001100000000000000
0000000000000000000000000000000000000000000
0000000000000000000000000000000000000000000
1111111111110110000000000010010000100000000
0000000000000010000000000001010000100000000
0000000000000000000000000000000000000000000
1111111111110010001000010000010001001000000
0000000000010100000000000001110001000000000
0000000000010000000000000001100000000000000
0000000000000000000000000000000000000000000
0000000000010111111111111110010000000000000
1111111111110010001000010000010001000000000
0000000000011000000000000001110001000000000
0000000000011000000000010100010000000000000
0000000000000000000000000001110001000000000
0000000000000000000000010110010000000000000
0000000000000000000000011000010001000000000
0000000000000000000000011010010001000000000
0000000000100000000000000001110001000000000
1100000011000000000010001110000000000000000
0000000000000010001000010000010000000000000
0000000000110000000000000001110001000000000
1100000001111000000000000000000000000000000
1100000010000000000000000000000000000000000
1100000010100000000010001010000000000000000
1100000010110100000010001100000000000000000
1100000001101000010001000110000000000000000
0000000000000000000000000000000000000000000
0000000000100100000000000001110001000000000
1100000011000000000100000010000000000000000
0000000000000010001000010000010000000000000
0000000011000100000000000001110001000000000
1100000001111000000000000000000000000000000
1100000010000000000000000000000000000000000
1100000010100000000011111110000000000000000
1100000010110100000100000000000000000000000
1100000001101000010001000110000000000000000
0000000000000000000000000000000000000000000
0000000010111000000000000001110001000000000
1100000011000000000101110110000000000000000
0000000000000010001000010000010000000000000
0000000101011000000000000001110001000000000
1100000001111000000000000000000000000000000
1100000010000000000000000000000000000000000
1100000010100000000101110010000000000000000
1100000010110100000101110100000000000000000
1100000001101000010001000110000000000000000
0000000000000000000000000000000000000000000
0000000101001100000000000001110001000000000
1100000011000000000111101010000000000000000
0000000000000010001000010000010000000000000
0000000111101100000000000001110001000000000
1100000001111000000000000000000000000000000
1100000010000000000000000000000000000000000
1100000010100000000111100110000000000000000
1100000010110100000111101000000000000000000
1100000001101000010001000110000000000000000
0000000000000000000000000000000000000000000
0000000111100000000000000001110001000000000
1100000011000000001001011110000000000000000
0000000000100010001000010000010000000000000
0000001010000000000000000001110001000000000
1100000001111000000000000000000000000000000
1100000010000000000000000000000000000000000
1100000010100000001001011010000000000000000
1100000010110100001001011100000000000000000
1100000001101000010001000110000000000000000
0000000000000000000000000000000000000000000
0000001001110100000000000001110001000000000
1100000011000000001011001000000000000000000
0000000000100110001000010000010000000000000
0000001100010100000000000001110001000000000
1100000001111000000000000000000000000000000
1100000010000000000000000000000000000000000
1100000010100000001011000100000000000000000
1100000010110100001011000110000000000000000
1100000001101000010001000110000000000000000
0000000000000000000000000000000000000000000
0000001100001000000000000001110001000000000
1100000011000000001100110010000000000000000
0000000010111010001000010000010000000000000
0000001110011100000000000001110001000000000
1100000001111000000000000000000000000000000
1100000010000000000000000000000000000000000
1100000010100000001100101110000000000000000
1100000010110100001100110000000000000000000
1100000001101000010001000110000000000000000
0000000000000000000000000000000000000000000
0000001110010000000000000001110001000000000
1100000011000000001110011100000000000000000
0000000101001110001000010000010000000000000
0000010000100100000000000001110001000000000
1100000001111000000000000000000000000000000
1100000010000000000000000000000000000000000
1100000010100000001110011000000000000000000
1100000010110100001110011010000000000000000
1100000001101000010001000110000000000000000
0000000000000000000000000000000000000000000
0000010000011000000000000001110001000000000
1100000011000000010000000110000000000000000
0000000111100010001000010000010000000000000
0000010010101100000000000001110001000000000
1100000001111000000000000000000000000000000
1100000010000000000000000000000000000000000
1100000010100000010000000010000000000000000
1100000010110100010000000100000000000000000
1100000001101000010001000110000000000000000
0000000000000000000000000000000000000000000
0000010010100000000000000001110001000000000
1100000011000000010001110000000000000000000
0000001001110110001000010000010000000000000
0000010100110100000000000001110001000000000
1100000001111000000000000000000000000000000
1100000010000000000000000000000000000000000
1100000010100000010001101100000000000000000
1100000010110100010001101110000000000000000
1100000001101000010001000110000000000000000
0000000000000000000000000000000000000000000
0000010100101000000000000001110001000000000
1100000011000000010011011010000000000000000
0000001100001010001000010000010000000000000
0000010110111100000000000001110001000000000
1100000001111000000000000000000000000000000
1100000010000000000000000000000000000000000
1100000010100000010011010110000000000000000
1100000010110100010011011000000000000000000
1100000001101000010001000110000000000000000
0000000000000000000000000000000000000000000
0000010110110000000000000001110001000000000
1100000011000000010101000100000000000000000
0000001110010010001000010000010000000000000
0000011001000100000000000001110001000000000
1100000001111000000000000000000000000000000
1100000010000000000000000000000000000000000
1100000010100000010101000000000000000000000
1100000010110100010101000010000000000000000
1100000001101000010001000110000000000000000
0000000000000000000000000000000000000000000
0000011000111000000000000001110001000000000
1100000011000000010110101110000000000000000
0000010000011010001000010000010000000000000
0000011011001100000000000001110001000000000
1100000001111000000000000000000000000000000
1100000010000000000000000000000000000000000
1100000010100000010110101010000000000000000
1100000010110100010110101100000000000000000
1100000001101000010001000110000000000000000
0000000000000000000000000000000000000000000
0000011011000000000000000001110001000000000
1100000011000000011000011000000000000000000
0000010010100010001000010000010000000000000
0000011101010100000000000001110001000000000
1100000001111000000000000000000000000000000
1100000010000000000000000000000000000000000
1100000010100000011000010100000000000000000
1100000010110100011000010110000000000000000
1100000001101000010001000110000000000000000
0000000000000000000000000000000000000000000
0000011101001000000000000001110001000000000
1100000011000000011010000010000000000000000
0000010100101010001000010000010000000000000
0000011111011100000000000001110001000000000
1100000001111000000000000000000000000000000
1100000010000000000000000000000000000000000
1100000010100000011001111110000000000000000
1100000010110100011010000000000000000000000
1100000001101000010001000110000000000000000
0000000000000000000000000000000000000000000
0000011111010000000000000001110001000000000
0000011101001000011010000100010000000000000
0000000000000000011010000110010001000000000
0000100001011000000000000001110001000000000
0000011011000000011010000100010000000000000
0000000000000000011010000110010001000000000
0000100001011100000000000001110001000000000
0000011000111000011010000100010000000000000
0000000000000000011010000110010001000000000
0000100001100000000000000001110001000000000
0000010110110000011010000100010000000000000
0000000000000000011010000110010001000000000
0000100001100100000000000001110001000000000
0000000000000000011010000100010000000000000
0000000000000000011010000110010001000000000
0000100001101000000000000001110001000000000
0000011111010000011010000100010000000000000
0000000000000000011010000110010001000000000
0000100001101100000000000001110001000000000
0000100001101110001000010000010000000000000
1000001100111100000000000001110001000000000
0000100001011000011010001000010000000000000
0000100010000100000000000001110001000000000
0000100010001100011010010000010000000000000
0000100010001000011010010100010001000000000
0000100010000100011010001100010001000000000
0000100010000000011010001110010001000000000
0000100001111100011010010010010001000000000
0000100010010000000000000001110001000000000
0000100010011000011010011010010000000000000
0000100010010100011010011110010001000000000
0000100010010000011010010110010001000000000
0000100010001100011010011000010001000000000
0000100010001000011010011100010001000000000
0000100010011100000000000001110001000000000
0000100001110000000000000001110001000000000
0000100001011010001000010000010000000000000
0000100010101000000000000001110001000000000
0000100010110000011010100100010000000000000
0000100010101100011010101000010001000000000
0000100010101000011010100000010001000000000
0000100010100100011010100010010001000000000
0000100010100000011010100110010001000000000
0000100010110100000000000001110001000000000
0000100010111100011010101110010000000000000
0000100010111000011010110010010001000000000
0000100010110100011010101010010001000000000
0000100010110000011010101100010001000000000
0000100010101100011010110000010001000000000
0000100011000000000000000001110001000000000
0000100011001000011010111000010000000000000
0000100011000100011010111100010001000000000
0000100011000000011010110100010001000000000
0000100010111100011010110110010001000000000
0000100010111000011010111010010001000000000
0000100011001100000000000001110001000000000
0000100011010100011011000010010000000000000
0000100011010000011011000110010001000000000
0000100011001100011010111110010001000000000
0000100011001000011011000000010001000000000
0000100011000100011011000100010001000000000
0000100011011000000000000001110001000000000
0000100001110100000000000001110001000000000
0000100001011000011010001010010000000000000
0000100011100100000000000001110001000000000
0000100011101100011011001100010000000000000
0000100011101000011011010000010001000000000
0000100011100100011011001000010001000000000
0000100011100000011011001010010001000000000
0000100011011100011011001110010001000000000
0000100011110000000000000001110001000000000
0000100011111000011011010110010000000000000
0000100011110100011011011010010001000000000
0000100011110000011011010010010001000000000
0000100011101100011011010100010001000000000
0000100011101000011011011000010001000000000
0000100011111100000000000001110001000000000
0000100001111000000000000001110001000000000
0000100001011100011011011100010000000000000
0000100100010100000000000001110001000000000
0000100100011100011011100100010000000000000
0000100100011000011011101000010001000000000
0000100100010100011011100000010001000000000
0000100100010000011011100010010001000000000
0000100100001100011011100110010001000000000
0000100100100000000000000001110001000000000
0000100100101000011011101110010000000000000
0000100100100100011011110010010001000000000
0000100100100000011011101010010001000000000
0000100100011100011011101100010001000000000
0000100100011000011011110000010001000000000
0000100100101100000000000001110001000000000
0000100100000000000000000001110001000000000
0000100001011110001000010000010000000000000
0000100100111000000000000001110001000000000
0000100101000000011011111000010000000000000
0000100100111100011011111100010001000000000
0000100100111000011011110100010001000000000
0000100100110100011011110110010001000000000
0000100100110000011011111010010001000000000
0000100101000100000000000001110001000000000
0000100101001100011100000010010000000000000
0000100101001000011100000110010001000000000
0000100101000100011011111110010001000000000
0000100101000000011100000000010001000000000
0000100100111100011100000100010001000000000
0000100101010000000000000001110001000000000
0000100101011000011100001100010000000000000
0000100101010100011100010000010001000000000
0000100101010000011100001000010001000000000
0000100101001100011100001010010001000000000
0000100101001000011100001110010001000000000
0000100101011100000000000001110001000000000
0000100101100100011100010110010000000000000
0000100101100000011100011010010001000000000
0000100101011100011100010010010001000000000
0000100101011000011100010100010001000000000
0000100101010100011100011000010001000000000
0000100101101000000000000001110001000000000
0000100100000100000000000001110001000000000
0000100001011100011011011110010000000000000
0000100101110100000000000001110001000000000
0000100101111100011100100000010000000000000
0000100101111000011100100100010001000000000
0000100101110100011100011100010001000000000
0000100101110000011100011110010001000000000
0000100101101100011100100010010001000000000
0000100110000000000000000001110001000000000
0000100110001000011100101010010000000000000
0000100110000100011100101110010001000000000
0000100110000000011100100110010001000000000
0000100101111100011100101000010001000000000
0000100101111000011100101100010001000000000
0000100110001100000000000001110001000000000
0000100100001000000000000001110001000000000
0000100001100000011100110000010000000000000
0000100110100100000000000001110001000000000
0000100110101100011100111000010000000000000
0000100110101000011100111100010001000000000
0000100110100100011100110100010001000000000
0000100110100000011100110110010001000000000
0000100110011100011100111010010001000000000
0000100110110000000000000001110001000000000
0000100110111000011101000010010000000000000
0000100110110100011101000110010001000000000
0000100110110000011100111110010001000000000
0000100110101100011101000000010001000000000
0000100110101000011101000100010001000000000
0000100110111100000000000001110001000000000
0000100110010000000000000001110001000000000
0000100001100010001000010000010000000000000
0000100111001000000000000001110001000000000
0000100111010000011101001100010000000000000
0000100111001100011101010000010001000000000
0000100111001000011101001000010001000000000
0000100111000100011101001010010001000000000
0000100111000000011101001110010001000000000
0000100111010100000000000001110001000000000
0000100111011100011101010110010000000000000
0000100111011000011101011010010001000000000
0000100111010100011101010010010001000000000
0000100111010000011101010100010001000000000
0000100111001100011101011000010001000000000
0000100111100000000000000001110001000000000
0000100111101000011101100000010000000000000
0000100111100100011101100100010001000000000
0000100111100000011101011100010001000000000
0000100111011100011101011110010001000000000
0000100111011000011101100010010001000000000
0000100111101100000000000001110001000000000
0000100111110100011101101010010000000000000
0000100111110000011101101110010001000000000
0000100111101100011101100110010001000000000
0000100111101000011101101000010001000000000
0000100111100100011101101100010001000000000
0000100111111000000000000001110001000000000
0000100110010100000000000001110001000000000
0000100001100000011100110010010000000000000
0000101000000100000000000001110001000000000
0000101000001100011101110100010000000000000
0000101000001000011101111000010001000000000
0000101000000100011101110000010001000000000
0000101000000000011101110010010001000000000
0000100111111100011101110110010001000000000
0000101000010000000000000001110001000000000
0000101000011000011101111110010000000000000
0000101000010100011110000010010001000000000
0000101000010000011101111010010001000000000
0000101000001100011101111100010001000000000
0000101000001000011110000000010001000000000
0000101000011100000000000001110001000000000
0000100110011000000000000001110001000000000
0000100001100100011110000100010000000000000
0000101000110100000000000001110001000000000
0000101000111100011110001100010000000000000
0000101000111000011110010000010001000000000
0000101000110100011110001000010001000000000
0000101000110000011110001010010001000000000
0000101000101100011110001110010001000000000
0000101001000000000000000001110001000000000
0000101001001000011110010110010000000000000
0000101001000100011110011010010001000000000
0000101001000000011110010010010001000000000
0000101000111100011110010100010001000000000
0000101000111000011110011000010001000000000
0000101001001100000000000001110001000000000
0000101000100000000000000001110001000000000
0000100001100110001000010000010000000000000
0000101001011000000000000001110001000000000
0000101001100000011110100000010000000000000
0000101001011100011110100100010001000000000
0000101001011000011110011100010001000000000
0000101001010100011110011110010001000000000
0000101001010000011110100010010001000000000
0000101001100100000000000001110001000000000
0000101001101100011110101010010000000000000
0000101001101000011110101110010001000000000
0000101001100100011110100110010001000000000
0000101001100000011110101000010001000000000
0000101001011100011110101100010001000000000
0000101001110000000000000001110001000000000
0000101001111000011110110100010000000000000
0000101001110100011110111000010001000000000
0000101001110000011110110000010001000000000
0000101001101100011110110010010001000000000
0000101001101000011110110110010001000000000
0000101001111100000000000001110001000000000
0000101010000100011110111110010000000000000
0000101010000000011111000010010001000000000
0000101001111100011110111010010001000000000
0000101001111000011110111100010001000000000
0000101001110100011111000000010001000000000
0000101010001000000000000001110001000000000
0000101000100100000000000001110001000000000
0000100001100100011110000110010000000000000
0000101010010100000000000001110001000000000
0000101010011100011111001000010000000000000
0000101010011000011111001100010001000000000
0000101010010100011111000100010001000000000
0000101010010000011111000110010001000000000
0000101010001100011111001010010001000000000
0000101010100000000000000001110001000000000
0000101010101000011111010010010000000000000
0000101010100100011111010110010001000000000
0000101010100000011111001110010001000000000
0000101010011100011111010000010001000000000
0000101010011000011111010100010001000000000
0000101010101100000000000001110001000000000
0000101000101000000000000001110001000000000
0000100001101000011111011000010000000000000
0000101011000100000000000001110001000000000
0000101011001100011111100000010000000000000
0000101011001000011111100100010001000000000
0000101011000100011111011100010001000000000
0000101011000000011111011110010001000000000
0000101010111100011111100010010001000000000
0000101011010000000000000001110001000000000
0000101011011000011111101010010000000000000
0000101011010100011111101110010001000000000
0000101011010000011111100110010001000000000
0000101011001100011111101000010001000000000
0000101011001000011111101100010001000000000
0000101011011100000000000001110001000000000
0000101010110000000000000001110001000000000
0000100001101010001000010000010000000000000
0000101011101000000000000001110001000000000
0000101011110000011111110100010000000000000
0000101011101100011111111000010001000000000
0000101011101000011111110000010001000000000
0000101011100100011111110010010001000000000
0000101011100000011111110110010001000000000
0000101011110100000000000001110001000000000
0000101011111100011111111110010000000000000
0000101011111000100000000010010001000000000
0000101011110100011111111010010001000000000
0000101011110000011111111100010001000000000
0000101011101100100000000000010001000000000
0000101100000000000000000001110001000000000
0000101100001000100000001000010000000000000
0000101100000100100000001100010001000000000
0000101100000000100000000100010001000000000
0000101011111100100000000110010001000000000
0000101011111000100000001010010001000000000
0000101100001100000000000001110001000000000
0000101100010100100000010010010000000000000
0000101100010000100000010110010001000000000
0000101100001100100000001110010001000000000
0000101100001000100000010000010001000000000
0000101100000100100000010100010001000000000
0000101100011000000000000001110001000000000
0000101010110100000000000001110001000000000
0000100001101000011111011010010000000000000
0000101100100100000000000001110001000000000
0000101100101100100000011100010000000000000
0000101100101000100000100000010001000000000
0000101100100100100000011000010001000000000
0000101100100000100000011010010001000000000
0000101100011100100000011110010001000000000
0000101100110000000000000001110001000000000
0000101100111000100000100110010000000000000
0000101100110100100000101010010001000000000
0000101100110000100000100010010001000000000
0000101100101100100000100100010001000000000
0000101100101000100000101000010001000000000
0000101100111100000000000001110001000000000
0000101010111000000000000001110001000000000
0000100001110110001000010000010000000000000
1000001100000100000000000001110001000000000
0000100001110010001000010000010000000000000
1000001100000000000000000001110001000000000
0000100001111010001000010000010000000000000
1000001100001000000000000001110001000000000
0000100100000110001000010000010000000000000
1000001100010000000000000001110001000000000
0000100100000010001000010000010000000000000
1000001100001100000000000001110001000000000
0000100100001010001000010000010000000000000
1000001100010100000000000001110001000000000
0000100110010110001000010000010000000000000
1000001100011100000000000001110001000000000
0000100110010010001000010000010000000000000
1000001100011000000000000001110001000000000
0000100110011010001000010000010000000000000
1000001100100000000000000001110001000000000
0000101000100110001000010000010000000000000
1000001100101000000000000001110001000000000
0000101000100010001000010000010000000000000
1000001100100100000000000001110001000000000
0000101000101010001000010000010000000000000
1000001100101100000000000001110001000000000
0000101010110110001000010000010000000000000
1000001100110100000000000001110001000000000
0000101010110010001000010000010000000000000
1000001100110000000000000001110001000000000
0000101010111010001000010000010000000000000
1000001100111000000000000001110001000000000
0000000000000000000000000000000000000000000
1100000000011000000000000000000000000000000
0000000000000000000000000000000000000000000
1100000001100000000000100000000000000000000
0000000000000000000000000000000000000000000
1100000000101100000000000000000000000000000
0000000000000011000000010110000000000000000
1100000001110100010001010110000000000000000
1100000000010011000000001100010000000000000
1100000000010011000000001100010001000000000
1100000000010011000000001100010001000000000
1100000000010011000000001100010001000000000
1100000000101011000000001100010001000000000
1100000000011100000000000001110001000000000
1100000001111100000000000000000000000000000
1100000010000100000000000000000000000000000
1100000001101100000000000000000000000000000
0000000000000000000000000000000000000000000
