0000000000000000000000000000000000000000000
1100000001110000000000000000000000000000000
1100000010011010000000000000000000000000000
1100000010010110000000000000000000000000000
1100000010101010000000000000000000000000000
1100000010101110000000000000000000000000000
1111111111111010001000010000010000000000000
1100000010011100000000000000000000000000000
1100000011000000000000000000000000000000000
0000000000000000000000000000000000000000000
0000000000000000000000000000000000000000000
1100000001110100000000011000000000000000000
1100000000011000000000000001110001000000000
0000000000000000000000000000000000000000000
0000000000000000000000000000000000000000000
0000000000000000000000000000000000000000000
1111111111110100000000001110010000000001000
0000000000000000000000001101010000000000000
1111111111110000000000000001100000000000000
1100000011000000000000001110000000000000000
0000000000000000000000000000000000000000000
1100000010000000000000000000000000000000000
1100000001100000000000111110000000000100111
0000000000000000000000000000000000000000000
1100000001110100000000110110000000000000000
1111111111110100000000000010010000000000000
1111111111011100000000000010000001100000000
0000000000000011000000001100000000000000000
1100000010000100000000000000000000000000000
1111111111111010000000000000010000000000000
1111111111011100000000001110000001000000000
1111111111110100000000010000010000000000000
0000000000000000000000000001110001000000000
1111111111110100000000010010010000000000000
0000000000000100000000000001110001000000000
0000000000010110001000111110010000000000000
0000000000001110001000010000010001000000000
0000000000000000000000010111010000000000000
1111111111110010001000110000010001000000000
0000000000000000000000010101010000000000000
0000000000010000000000000001110101000000000
0000000000011000000000000001111001000000000
0000000000010000000000000001100000000000000
0000000000000000000000000000000000000000000
0000000000000000000000000000000000000000000
1111111111110110000000000010010000100000000
0000000000000010000000000001010000100000000
0000000000000000000000000000000000000000000
1111111111110010001000010000010001001000000
0000000000011100000000000001110001000000000
0000000000011000000000000001100000000000000
0000000000000000000000000000000000000000000
0000000000011111111111111110010000000000000
1111111111110010001000010000010001000000000
0000000000100000000000000001110001000000000
0000000000100000000000011000010000000000000
0000000000001000000000000001110001000000000
1111111111110100000000011010010000000000000
0000000000101000000000000001110001000000000
1111111111110100000000011100010000000000000
0000000000101100000000000001110001000000000
0000000000111110001000111110010000000000000
0000000000110110001000010000010001000000000
0000000000000000000000100001010000000000000
1111111111110010001000110000010001000000000
0000000000000000000000011111010000000000000
0000000000111000000000000001110101000000000
0000000001000000000000000001111001000000000
0000000000111000000000000001100000000000000
0000000000000000000000000000000000000000000
0000000000000000000000000000000000000000000
1111111111110110000000000010010000100000000
0000000000000010000000000001010000100000000
0000000000000000000000000000000000000000000
1111111111110010001000010000010001001000000
0000000000011100000000000001110001000000000
0000000001000000000000000001100000000000000
0000000000000000000000000000000000000000000
0000000000011111111111111110010000000000000
1111111111110010001000010000010001000000000
0000000000100000000000000001110001000000000
0000000000100000000000100010010000000000000
0000000000110000000000000001110001000000000
1111111111110100000000100100010000000001000
0000000001001000000000100110010000000000000
1111111111111110001000111110010001000000000
0000000001001100000000000001111001000000000
1111111111110110001000010010011001001000000
1111111111111010001000010000010000000100111
0000000001000100000000000001110001000000000
0000000000000000000000000000000000000000000
0000000001011110001000111110010000000000000
0000000001010110001000010000010001000000000
0000000000000000000000101011010000000000000
1111111111110010001000110000010001000000000
0000000000000000000000101001010000000000000
0000000001011000000000000001110101000000000
0000000001100000000000000001111001000000000
0000000001011000000000000001100000000000000
0000000000000000000000000000000000000000000
0000000000000000000000000000000000000000000
1111111111110110000000000010010000100000000
0000000000000010000000000001010000100000000
0000000000000000000000000000000000000000000
1111111111110010001000010000010001001000000
0000000000011100000000000001110001000000000
0000000001100000000000000001100000000000000
0000000000000000000000000000000000000000000
0000000000011111111111111110010000000000000
1111111111110010001000010000010001000000000
0000000000100000000000000001110001000000000
0000000000100000000000101100010000000000000
0000000001010000000000000001110001000000000
0000000001110010001000111110010000000000000
0000000001101010001000010000010001000000000
0000000000000000000000110001010000000000000
1111111111110010001000110000010001000000000
0000000000000000000000101111010000000000000
0000000001101100000000000001110101000000000
0000000001110100000000000001111001000000000
0000000001101100000000000001100000000000000
0000000000000000000000000000000000000000000
0000000000000000000000000000000000000000000
1111111111110110000000000010010000100000000
0000000000000010000000000001010000100000000
0000000000000000000000000000000000000000000
1111111111110010001000010000010001001000000
0000000000011100000000000001110001000000000
0000000001110100000000000001100000000000000
0000000000000000000000000000000000000000000
0000000000011111111111111110010000000000000
1111111111110010001000010000010001000000000
0000000000100000000000000001110001000000000
0000000000100000000000110010010000000000000
0000000001100100000000000001110001000000000
0000000010000110001000111110010000000000000
0000000001111110001000010000010001000000000
0000000000000000000000110111010000000000000
1111111111110010001000110000010001000000000
0000000000000000000000110101010000000000000
0000000010000000000000000001110101000000000
0000000010001000000000000001111001000000000
0000000010000000000000000001100000000000000
0000000000000000000000000000000000000000000
0000000000000000000000000000000000000000000
1111111111110110000000000010010000100000000
0000000000000010000000000001010000100000000
0000000000000000000000000000000000000000000
1111111111110010001000010000010001001000000
0000000000011100000000000001110001000000000
0000000010001000000000000001100000000000000
0000000000000000000000000000000000000000000
0000000000011111111111111110010000000000000
1111111111110010001000010000010001000000000
0000000000100000000000000001110001000000000
0000000000100000000000111000010000000000000
0000000001111000000000000001110001000000000
1111111111110100000000111010010000000000000
0000000010001100000000000001110001000000000
0000000010011110001000111110010000000000000
0000000010010110001000010000010001000000000
0000000000000000000000111111010000000000000
1111111111110010001000111110010001000000000
0000000010011000000000000001110101000000000
0000000010100000000000000001111001000000000
0000000010100010001000001110010000001000000
1111111111110110001000010000010001000000000
0000000000100000000000000001110001000000000
0000000000100000000001000000010000000000000
0000000010010000000000000001110001000000000
1000000100000010001000010000010000000000000
0000000101110100000000000001110001000000000
1000000100000110001000010000010000000000000
0000000010110000000000000001110001000000000
1000000100001010001000010000010000000000000
0000000011001100000000000001110001000000000
1000000100001110001000010000010000000000000
0000000011101000000000000001110001000000000
1000000100010010001000010000010000000000000
0000000100000100000000000001110001000000000
1000000100010110001000010000010000000000000
0000000100100000000000000001110001000000000
1000000100011010001000010000010000000000000
0000000100111100000000000001110001000000000
1000000100011110001000010000010000000000000
0000000101011000000000000001110001000000000
0000000001010000000001000010010000000000000
0000000001100100000001000010010001000000000
0000000001111000000001000010010001000000000
0000000010100100000000000001110001000000000
0000000010010000000001000100010000000000000
0000000010101000000000000001110001000000000
0000000000000000000000000000000000000000000
0000000010111100000001000110010000000000000
0000000010110100000001000110011010000000000
0000000010101110001000010000010001001000000
0000000010110010001000010000010001000000000
0000000010111000000000000001110001000000000
0000000011000000000000000001111001000000000
0000000011011000000001001000010000000000000
0000000011010000000001001000011010000000000
0000000011001010001000010000010001001000000
0000000011001110001000010000010001000000000
0000000011010100000000000001110001000000000
0000000011011100000000000001111001000000000
0000000011110100000001001010010000000000000
0000000011101100000001001010011010000000000
0000000011100110001000010000010001001000000
0000000011101010001000010000010001000000000
0000000011110000000000000001110001000000000
0000000011111000000000000001111001000000000
0000000100010000000001001100010000000000000
0000000100001000000001001100011010000000000
0000000100000010001000010000010001001000000
0000000100000110001000010000010001000000000
0000000100001100000000000001110001000000000
0000000100010100000000000001111001000000000
0000000100101100000001001110010000000000000
0000000100100100000001001110011010000000000
0000000100011110001000010000010001001000000
0000000100100010001000010000010001000000000
0000000100101000000000000001110001000000000
0000000100110000000000000001111001000000000
0000000101001000000001010000010000000000000
0000000101000000000001010000011010000000000
0000000100111010001000010000010001001000000
0000000100111110001000010000010001000000000
0000000101000100000000000001110001000000000
0000000101001100000000000001111001000000000
0000000101100100000001010010010000000000000
0000000101011100000001010010011010000000000
0000000101010110001000010000010001001000000
0000000101011010001000010000010001000000000
0000000101100000000000000001110001000000000
0000000101101000000000000001111001000000000
0000000110000000000001010100010000000000000
0000000101111000000001010100011010000000000
0000000101110010001000010000010001001000000
0000000101110110001000010000010001000000000
0000000101111100000000000001110001000000000
0000000110000100000000000001111001000000000
0000000010101010001000010000010000000000000
0000000010001110001000010000010001000000000
0000000110001100000000000001110001000000000
0000000000001000000001010110010000000000000
0000000110010000000000000001110001000000000
0000000000000000000000000000000000000000000
0000000000001000000001011000010000000000000
0000000110010100000000000001110001000000000
0000000000000000000000000000000000000000000
0000000001000100000001110110010000000000000
0000000111010100000000000001110001000000000
0000000110011000000001011010010000000000000
0000000111010100000001011100010001000000000
0000000110011100000000000001110001000000000
0000000110100000000001011110010000000000000
0000000111010100000001100000010001000000000
0000000110100100000000000001110001000000000
0000000110101000000001100010010000000000000
0000000111010100000001100100010001000000000
0000000110101100000000000001110001000000000
0000000110110000000001100110010000000000000
0000000111010100000001101000010001000000000
0000000110110100000000000001110001000000000
0000000110111000000001101010010000000000000
0000000111010100000001101100010001000000000
0000000110111100000000000001110001000000000
0000000111000000000001101110010000000000000
0000000111010100000001110000010001000000000
0000000111000100000000000001110001000000000
0000000110011110001000010000010000000000000
0000000110100110001000010000010001000000000
0000000110101110001000010000010001000000000
0000000110110110001000010000010001000000000
0000000110111110001000010000010001000000000
0000000111000110001000010000010001000000000
0000000111010000000001110010010001000000000
0000000111010100000001110100010001000000000
0000000000100000000000000001110001000000000
0000000000100000000001111000010000000000000
0000000111011000000000000001110001000000000
0000000000101010001000010000010000000000000
0000000111100010001000010000010001001000000
0000000111110000000000000001110001000000000
0000000111101010001000010000010000000000000
0000000111100010001000010000011010000000000
0000000111110000000001111010010001000000000
0000000111100100000000000001110001000000000
0000000111100100000000000001100000000000000
0000000111101100000000000001111001000000000
1111111111110110001000010000010000000000000
0000000111100110001000010000010001001000000
0000000111110100000000000001110001000000000
0000000110010011111111111110010000000000000
0000000111110100000000000001100000000000000
0000000000000011111111111110010001000000000
0000000111011100000000000001110001000000000
0000000000000110001000010000010000000000000
0000000111111110001000010000010001001000000
0000001000001100000000000001110001000000000
0000001000000110001000010000010000000000000
0000000111111110001000010000011010000000000
0000001000001100000001111100010001000000000
0000001000000000000000000001110001000000000
0000001000000000000000000001100000000000000
0000001000001000000000000001111001000000000
1111111111110110001000010000010000000000000
0000001000000010001000010000010001001000000
0000001000010000000000000001110001000000000
0000000110010111111111111110010000000000000
0000001000010000000000000001100000000000000
0000000000000011111111111110010001000000000
0000000111111000000000000001110001000000000
0000001000100010001000111110010000000000000
0000001000011010001000010000010001000000000
0000000110001110001000110000010001000000000
0000000000000000000001111111010000000000000
0000001000011100000000000001110101000000000
0000001000100100000000000001111001000000000
0000001000011100000000000001100000000000000
0000000000000000000000000000000000000000000
0000000000000000000000000000000000000000000
0000000000000010000000000011010000100000000
1111111111110010001000010000010000000000000
0000000000000010000000000001010000100000000
1111111111110010001000010000010001001000000
0000000000011100000000000001110001000000000
0000001000100100000000000001100000000000000
0000000000011111111111111110010000000000000
1111111111110010001000010000010001000000000
0000001000010100000000000001110001000000000
0000000000110000000010000000010000000000000
0000000111011000000010000010010001000000000
0000000001000100000010000100010001000000000
0000000010100100000010000110010001000000000
0000001000010100000010001000010001000000000
0000001000101000000000000001110001000000000
0000001000101000000010001010010000000000000
0000000101111100000010001100010001000000000
0000001001101000000000000001110001000000000
0000001000101000000010001010010000000000000
0000000010111000000010001100010001000000000
0000001001110100000000000001110001000000000
0000001000101000000010001010010000000000000
0000000011010100000010001100010001000000000
0000001000101100000000000001110001000000000
0000001000101000000010001010010000000000000
0000000011110000000010001100010001000000000
0000001000110000000000000001110001000000000
0000001000101000000010001010010000000000000
0000000100001100000010001100010001000000000
0000001000110100000000000001110001000000000
0000001000101000000010001010010000000000000
0000000100101000000010001100010001000000000
0000001000111000000000000001110001000000000
0000001000101000000010001010010000000000000
0000000101000100000010001100010001000000000
0000001000111100000000000001110001000000000
0000001000101000000010001010010000000000000
0000000101100000000010001100010001000000000
0000001001000000000000000001110001000000000
0000000111011110001000010000010000000000000
0000001001001110001000010000010001001000000
0000001001011100000000000001110001000000000
0000001001010110001000010000010000000000000
0000001001001110001000010000011010000000000
0000001001011100000010001110010001000000000
0000001001010000000000000001110001000000000
0000001001010000000000000001100000000000000
0000001001011000000000000001111001000000000
0000001001101011111111111110010000000000000
0000001001000100000000000001110001000000000
0000001001110111111111111110010000000000000
0000001001001000000000000001110001000000000
0000001010001000000010010110010000000000000
0000001010000100000010011000010001000000000
0000001001111100000010010110011010000000000
0000001001111000000010011000010001000000000
0000001001101000000010010000010001000000000
0000001001100100000010010010010001000000000
0000001001100000000010010100010001000000000
0000001010000000000000000001110001000000000
0000001010001100000000000001111001000000000
0000001010100000000010010110010000000000000
0000001010011100000010011000010001000000000
0000001010010100000010010110011010000000000
0000001010010000000010011000010001000000000
0000001001110100000010010000010001000000000
0000001001110000000010010010010001000000000
0000001001101100000010010100010001000000000
0000001010011000000000000001110001000000000
0000001010100100000000000001111001000000000
0000000111111010001000010000010000000000000
0000001010110010001000010000010001001000000
0000001011000000000000000001110001000000000
0000001010111010001000010000010000000000000
0000001010110010001000010000011010000000000
0000001011000000000010011010010001000000000
0000001010110100000000000001110001000000000
0000001010110100000000000001100000000000000
0000001010111100000000000001111001000000000
0000001010000011111111111110010000000000000
0000001010101000000000000001110001000000000
0000001010011011111111111110010000000000000
0000001010101100000000000001110001000000000
0000000000101110001000010000010000000000000
0000001011001010001000010000010001001000000
0000001011011000000000000001110001000000000
0000001011010010001000010000010000000000000
0000001011001010001000010000011010000000000
0000001011011000000010011100010001000000000
0000001011001100000000000001110001000000000
0000001011001100000000000001100000000000000
0000001011010100000000000001111001000000000
1111111111110110001000010000010000000000000
0000001011001110001000010000010001001000000
0000001011011100000000000001110001000000000
0000001001000111111111111110010000000000000
0000001011011100000000000001100000000000000
0000001010101011111111111110010001000000000
0000001011000100000000000001110001000000000
0000001001001000000010011110010000000000000
0000001010101100000010011110010001000000000
0000001011100000000000000001110001000000000
0000001011000100000010100000010000000000000
0000001011100000000010100010010001000000000
0000001000101100000010100100010001000000000
0000001000110000000010100110010001000000000
0000001000110100000010101000010001000000000
0000001000111000000010101010010001000000000
0000001000111100000010101100010001000000000
0000001001000000000010101110010001000000000
0000010101111100000000000001110001000000000
0000001011000100000010110000010000000000000
0000001011100000000010110010010001000000000
0000001000101100000010110100010001000000000
0000001000110000000010110110010001000000000
0000001000110100000010111000010001000000000
0000001000111000000010111010010001000000000
0000001000111100000010111100010001000000000
0000001001000000000010111110010001000000000
0000010011111000000000000001110001000000000
0000001011000100000011000000010000000000000
0000001011100000000011000010010001000000000
0000001000101100000011000100010001000000000
0000001000110000000011000110010001000000000
0000001000110100000011001000010001000000000
0000001000111000000011001010010001000000000
0000001000111100000011001100010001000000000
0000001001000000000011001110010001000000000
0000010001110100000000000001110001000000000
0000001011000100000011010000010000000000000
0000001011100000000011010010010001000000000
0000001000101100000011010100010001000000000
0000001000110000000011010110010001000000000
0000001000110100000011011000010001000000000
0000001000111000000011011010010001000000000
0000001000111100000011011100010001000000000
0000001001000000000011011110010001000000000
0000001111110000000000000001110001000000000
0000001011000100000011100000010000000000000
0000001011100000000011100010010001000000000
0000001000101100000011100100010001000000000
0000001000110000000011100110010001000000000
0000001000110100000011101000010001000000000
0000001000111000000011101010010001000000000
0000001000111100000011101100010001000000000
0000001001000000000011101110010001000000000
0000001101101100000000000001110001000000000
0000001011000100000011110000010000000000000
0000001011100000000011110010010001000000000
0000001000101100000011110100010001000000000
0000001000110000000011110110010001000000000
0000001000110100000011111000010001000000000
0000001000111000000011111010010001000000000
0000001000111100000011111100010001000000000
0000001001000000000011111110010001000000000
0000001011100100000000000001110001000000000
0000001011100100000100000000010000000000000
0000001011111000000000000001110001000000000
0000001100001100000100000110010000000000000
0000001100001000000100001010010001000000000
0000001100000000000100000110011010000000000
0000001011111100000100001010010001000000000
0000001011111000000100000010010001000000000
0000001011110100000100000100010001000000000
0000001011110000000100001000010001000000000
0000001100000100000000000001110001000000000
0000001100010000000000000001111001000000000
0000001100100000000100010000010000000000000
0000001100011000000100010000011010000000000
0000001100000100000100001100010001000000000
0000001100000000000100001110010001000000000
0000001100011100000000000001110001000000000
0000001011101000000000000001110001000000000
0000001100100100000000000001111001000000000
0000001011100110001000010000010000000000000
0000001100110000000000000001110001000000000
0000001101000100000100010110010000000000000
0000001101000000000100011010010001000000000
0000001100111000000100010110011010000000000
0000001100110100000100011010010001000000000
0000001100110000000100010010010001000000000
0000001100101100000100010100010001000000000
0000001100101000000100011000010001000000000
0000001100111100000000000001110001000000000
0000001101001000000000000001111001000000000
0000001101011000000100100000010000000000000
0000001101010000000100100000011010000000000
0000001100111100000100011100010001000000000
0000001100111000000100011110010001000000000
0000001101010100000000000001110001000000000
0000001011101100000000000001110001000000000
0000001101011100000000000001111001000000000
0000000110001100000100100010010000000000000
0000001011101000000100100100010001000000000
0000001101100000000000000001110001000000000
0000001101110100000100101100010000000000000
0000001101110000000100101110010001000000000
0000001101101100000100100110010001000000000
0000001101101000000100101000010001000000000
0000001101100100000100101010010001000000000
0000001101111000000000000001110001000000000
0000001110000000000100110110010000000000000
0000001101111100000100111000010001000000000
0000001101111000000100110000010001000000000
0000001101110100000100110010010001000000000
0000001101110000000100110100010001000000000
0000001110000100000000000001110001000000000
0000001110001100000101000000010000000000000
0000001110001000000101000010010001000000000
0000001110000100000100111010010001000000000
0000001110000000000100111100010001000000000
0000001101111100000100111110010001000000000
0000001110010000000000000001110001000000000
0000001110011000000101001010010000000000000
0000001110010100000101001100010001000000000
0000001110010000000101000100010001000000000
0000001110001100000101000110010001000000000
0000001110001000000101001000010001000000000
0000001110011100000000000001110001000000000
0000001110100100000101010100010000000000000
0000001110100000000101010110010001000000000
0000001110011100000101001110010001000000000
0000001110011000000101010000010001000000000
0000001110010100000101010010010001000000000
0000001110101000000000000001110001000000000
0000001110110000000101011110010000000000000
0000001110101100000101100000010001000000000
0000001110101000000101011000010001000000000
0000001110100100000101011010010001000000000
0000001110100000000101011100010001000000000
0000001110110100000000000001110001000000000
0000001110111100000101101000010000000000000
0000001110111000000101101010010001000000000
0000001110110100000101100010010001000000000
0000001110110000000101100100010001000000000
0000001110101100000101100110010001000000000
0000001111000000000000000001110001000000000
0000001111001000000101110010010000000000000
0000001111000100000101110100010001000000000
0000001111000000000101101100010001000000000
0000001110111100000101101110010001000000000
0000001110111000000101110000010001000000000
0000001111001100000000000001110001000000000
0000001111010100000101111100010000000000000
0000001111010000000101111110010001000000000
0000001111001100000101110110010001000000000
0000001111001000000101111000010001000000000
0000001111000100000101111010010001000000000
0000001111011000000000000001110001000000000
0000001111100000000110000110010000000000000
0000001111011100000110001000010001000000000
0000001111011000000110000000010001000000000
0000001111010100000110000010010001000000000
0000001111010000000110000100010001000000000
0000001111100100000000000001110001000000000
0000001111111000000110010000010000000000000
0000001111110100000110010010010001000000000
0000001111110000000110001010010001000000000
0000001111101100000110001100010001000000000
0000001111101000000110001110010001000000000
0000001111111100000000000001110001000000000
0000010000000100000110011010010000000000000
0000010000000000000110011100010001000000000
0000001111111100000110010100010001000000000
0000001111111000000110010110010001000000000
0000001111110100000110011000010001000000000
0000010000001000000000000001110001000000000
0000010000010000000110100100010000000000000
0000010000001100000110100110010001000000000
0000010000001000000110011110010001000000000
0000010000000100000110100000010001000000000
0000010000000000000110100010010001000000000
0000010000010100000000000001110001000000000
0000010000011100000110101110010000000000000
0000010000011000000110110000010001000000000
0000010000010100000110101000010001000000000
0000010000010000000110101010010001000000000
0000010000001100000110101100010001000000000
0000010000100000000000000001110001000000000
0000010000101000000110111000010000000000000
0000010000100100000110111010010001000000000
0000010000100000000110110010010001000000000
0000010000011100000110110100010001000000000
0000010000011000000110110110010001000000000
0000010000101100000000000001110001000000000
0000010000110100000111000010010000000000000
0000010000110000000111000100010001000000000
0000010000101100000110111100010001000000000
0000010000101000000110111110010001000000000
0000010000100100000111000000010001000000000
0000010000111000000000000001110001000000000
0000010001000000000111001100010000000000000
0000010000111100000111001110010001000000000
0000010000111000000111000110010001000000000
0000010000110100000111001000010001000000000
0000010000110000000111001010010001000000000
0000010001000100000000000001110001000000000
0000010001001100000111010110010000000000000
0000010001001000000111011000010001000000000
0000010001000100000111010000010001000000000
0000010001000000000111010010010001000000000
0000010000111100000111010100010001000000000
0000010001010000000000000001110001000000000
0000010001011000000111100000010000000000000
0000010001010100000111100010010001000000000
0000010001010000000111011010010001000000000
0000010001001100000111011100010001000000000
0000010001001000000111011110010001000000000
0000010001011100000000000001110001000000000
0000010001100100000111101010010000000000000
0000010001100000000111101100010001000000000
0000010001011100000111100100010001000000000
0000010001011000000111100110010001000000000
0000010001010100000111101000010001000000000
0000010001101000000000000001110001000000000
0000010001111100000111110100010000000000000
0000010001111000000111110110010001000000000
0000010001110100000111101110010001000000000
0000010001110000000111110000010001000000000
0000010001101100000111110010010001000000000
0000010010000000000000000001110001000000000
0000010010001000000111111110010000000000000
0000010010000100001000000000010001000000000
0000010010000000000111111000010001000000000
0000010001111100000111111010010001000000000
0000010001111000000111111100010001000000000
0000010010001100000000000001110001000000000
0000010010010100001000001000010000000000000
0000010010010000001000001010010001000000000
0000010010001100001000000010010001000000000
0000010010001000001000000100010001000000000
0000010010000100001000000110010001000000000
0000010010011000000000000001110001000000000
0000010010100000001000010010010000000000000
0000010010011100001000010100010001000000000
0000010010011000001000001100010001000000000
0000010010010100001000001110010001000000000
0000010010010000001000010000010001000000000
0000010010100100000000000001110001000000000
0000010010101100001000011100010000000000000
0000010010101000001000011110010001000000000
0000010010100100001000010110010001000000000
0000010010100000001000011000010001000000000
0000010010011100001000011010010001000000000
0000010010110000000000000001110001000000000
0000010010111000001000100110010000000000000
0000010010110100001000101000010001000000000
0000010010110000001000100000010001000000000
0000010010101100001000100010010001000000000
0000010010101000001000100100010001000000000
0000010010111100000000000001110001000000000
0000010011000100001000110000010000000000000
0000010011000000001000110010010001000000000
0000010010111100001000101010010001000000000
0000010010111000001000101100010001000000000
0000010010110100001000101110010001000000000
0000010011001000000000000001110001000000000
0000010011010000001000111010010000000000000
0000010011001100001000111100010001000000000
0000010011001000001000110100010001000000000
0000010011000100001000110110010001000000000
0000010011000000001000111000010001000000000
0000010011010100000000000001110001000000000
0000010011011100001001000100010000000000000
0000010011011000001001000110010001000000000
0000010011010100001000111110010001000000000
0000010011010000001001000000010001000000000
0000010011001100001001000010010001000000000
0000010011100000000000000001110001000000000
0000010011101000001001001110010000000000000
0000010011100100001001010000010001000000000
0000010011100000001001001000010001000000000
0000010011011100001001001010010001000000000
0000010011011000001001001100010001000000000
0000010011101100000000000001110001000000000
0000010100000000001001011000010000000000000
0000010011111100001001011010010001000000000
0000010011111000001001010010010001000000000
0000010011110100001001010100010001000000000
0000010011110000001001010110010001000000000
0000010100000100000000000001110001000000000
0000010100001100001001100010010000000000000
0000010100001000001001100100010001000000000
0000010100000100001001011100010001000000000
0000010100000000001001011110010001000000000
0000010011111100001001100000010001000000000
0000010100010000000000000001110001000000000
0000010100011000001001101100010000000000000
0000010100010100001001101110010001000000000
0000010100010000001001100110010001000000000
0000010100001100001001101000010001000000000
0000010100001000001001101010010001000000000
0000010100011100000000000001110001000000000
0000010100100100001001110110010000000000000
0000010100100000001001111000010001000000000
0000010100011100001001110000010001000000000
0000010100011000001001110010010001000000000
0000010100010100001001110100010001000000000
0000010100101000000000000001110001000000000
0000010100110000001010000000010000000000000
0000010100101100001010000010010001000000000
0000010100101000001001111010010001000000000
0000010100100100001001111100010001000000000
0000010100100000001001111110010001000000000
0000010100110100000000000001110001000000000
0000010100111100001010001010010000000000000
0000010100111000001010001100010001000000000
0000010100110100001010000100010001000000000
0000010100110000001010000110010001000000000
0000010100101100001010001000010001000000000
0000010101000000000000000001110001000000000
0000010101001000001010010100010000000000000
0000010101000100001010010110010001000000000
0000010101000000001010001110010001000000000
0000010100111100001010010000010001000000000
0000010100111000001010010010010001000000000
0000010101001100000000000001110001000000000
0000010101010100001010011110010000000000000
0000010101010000001010100000010001000000000
0000010101001100001010011000010001000000000
0000010101001000001010011010010001000000000
0000010101000100001010011100010001000000000
0000010101011000000000000001110001000000000
0000010101100000001010101000010000000000000
0000010101011100001010101010010001000000000
0000010101011000001010100010010001000000000
0000010101010100001010100100010001000000000
0000010101010000001010100110010001000000000
0000010101100100000000000001110001000000000
0000010101101100001010110010010000000000000
0000010101101000001010110100010001000000000
0000010101100100001010101100010001000000000
0000010101100000001010101110010001000000000
0000010101011100001010110000010001000000000
0000010101110000000000000001110001000000000
0000010110000100001010111100010000000000000
0000010110000000001010111110010001000000000
0000010101111100001010110110010001000000000
0000010101111000001010111000010001000000000
0000010101110100001010111010010001000000000
0000010110001000000000000001110001000000000
0000010110010000001011000110010000000000000
0000010110001100001011001000010001000000000
0000010110001000001011000000010001000000000
0000010110000100001011000010010001000000000
0000010110000000001011000100010001000000000
0000010110010100000000000001110001000000000
0000010110011100001011010000010000000000000
0000010110011000001011010010010001000000000
0000010110010100001011001010010001000000000
0000010110010000001011001100010001000000000
0000010110001100001011001110010001000000000
0000010110100000000000000001110001000000000
0000010110101000001011011010010000000000000
0000010110100100001011011100010001000000000
0000010110100000001011010100010001000000000
0000010110011100001011010110010001000000000
0000010110011000001011011000010001000000000
0000010110101100000000000001110001000000000
0000010110110100001011100100010000000000000
0000010110110000001011100110010001000000000
0000010110101100001011011110010001000000000
0000010110101000001011100000010001000000000
0000010110100100001011100010010001000000000
0000010110111000000000000001110001000000000
0000010111000000001011101110010000000000000
0000010110111100001011110000010001000000000
0000010110111000001011101000010001000000000
0000010110110100001011101010010001000000000
0000010110110000001011101100010001000000000
0000010111000100000000000001110001000000000
0000010111001100001011111000010000000000000
0000010111001000001011111010010001000000000
0000010111000100001011110010010001000000000
0000010111000000001011110100010001000000000
0000010110111100001011110110010001000000000
0000010111010000000000000001110001000000000
0000010111011000001100000010010000000000000
0000010111010100001100000100010001000000000
0000010111010000001011111100010001000000000
0000010111001100001011111110010001000000000
0000010111001000001100000000010001000000000
0000010111011100000000000001110001000000000
0000010111100100001100001100010000000000000
0000010111100000001100001110010001000000000
0000010111011100001100000110010001000000000
0000010111011000001100001000010001000000000
0000010111010100001100001010010001000000000
0000010111101000000000000001110001000000000
0000010111110000001100010110010000000000000
0000010111101100001100011000010001000000000
0000010111101000001100010000010001000000000
0000010111100100001100010010010001000000000
0000010111100000001100010100010001000000000
0000010111110100000000000001110001000000000
0000001101100010001000010000010000000000000
1000001100111100000000000001110001000000000
0000001111100100001100011010010000000000000
0000011000001100000000000001110001000000000
0000011000100000001100100010010000000000000
0000011000011100001100100110010001000000000
0000011000010100001100100010011010000000000
0000011000010000001100100110010001000000000
0000011000001100001100011110010001000000000
0000011000001000001100100000010001000000000
0000011000000100001100100100010001000000000
0000011000011000000000000001110001000000000
0000011000100100000000000001111001000000000
0000011000111000001100101100010000000000000
0000011000110100001100110000010001000000000
0000011000101100001100101100011010000000000
0000011000101000001100110000010001000000000
0000011000011000001100101000010001000000000
0000011000010100001100101010010001000000000
0000011000010000001100101110010001000000000
0000011000110000000000000001110001000000000
0000010111111000000000000001110001000000000
0000011000111100000000000001111001000000000
0000001111100110001000010000010000000000000
0000011001001000000000000001110001000000000
0000011001011100001100110110010000000000000
0000011001011000001100111010010001000000000
0000011001010000001100110110011010000000000
0000011001001100001100111010010001000000000
0000011001001000001100110010010001000000000
0000011001000100001100110100010001000000000
0000011001000000001100111000010001000000000
0000011001010100000000000001110001000000000
0000011001100000000000000001111001000000000
0000011001110100001101000000010000000000000
0000011001110000001101000100010001000000000
0000011001101000001101000000011010000000000
0000011001100100001101000100010001000000000
0000011001010100001100111100010001000000000
0000011001010000001100111110010001000000000
0000011001001100001101000010010001000000000
0000011001101100000000000001110001000000000
0000011001111000000000000001111001000000000
0000011010001100001101001010010000000000000
0000011010001000001101001110010001000000000
0000011010000000001101001010011010000000000
0000011001111100001101001110010001000000000
0000011001101100001101000110010001000000000
0000011001101000001101001000010001000000000
0000011001100100001101001100010001000000000
0000011010000100000000000001110001000000000
0000011010010000000000000001111001000000000
0000011010100100001101010100010000000000000
0000011010100000001101011000010001000000000
0000011010011000001101010100011010000000000
0000011010010100001101011000010001000000000
0000011010000100001101010000010001000000000
0000011010000000001101010010010001000000000
0000011001111100001101010110010001000000000
0000011010011100000000000001110001000000000
0000010111111100000000000001110001000000000
0000011010101000000000000001111001000000000
0000001111100100001100011100010000000000000
0000011010110100000000000001110001000000000
0000011011001000001101011110010000000000000
0000011011000100001101100010010001000000000
0000011010111100001101011110011010000000000
0000011010111000001101100010010001000000000
0000011010110100001101011010010001000000000
0000011010110000001101011100010001000000000
0000011010101100001101100000010001000000000
0000011011000000000000000001110001000000000
0000011011001100000000000001111001000000000
0000011011100000001101101000010000000000000
0000011011011100001101101100010001000000000
0000011011010100001101101000011010000000000
0000011011010000001101101100010001000000000
0000011011000000001101100100010001000000000
0000011010111100001101100110010001000000000
0000011010111000001101101010010001000000000
0000011011011000000000000001110001000000000
0000011000000000000000000001110001000000000
0000011011100100000000000001111001000000000
0000010001101000001101101110010000000000000
0000011011111100000000000001110001000000000
0000011100010000001101110110010000000000000
0000011100001100001101111010010001000000000
0000011100000100001101110110011010000000000
0000011100000000001101111010010001000000000
0000011011111100001101110010010001000000000
0000011011111000001101110100010001000000000
0000011011110100001101111000010001000000000
0000011100001000000000000001110001000000000
0000011100010100000000000001111001000000000
0000011100101000001110000000010000000000000
0000011100100100001110000100010001000000000
0000011100011100001110000000011010000000000
0000011100011000001110000100010001000000000
0000011100001000001101111100010001000000000
0000011100000100001101111110010001000000000
0000011100000000001110000010010001000000000
0000011100100000000000000001110001000000000
0000011011101000000000000001110001000000000
0000011100101100000000000001111001000000000
0000010001101010001000010000010000000000000
0000011100111000000000000001110001000000000
0000011101001100001110001010010000000000000
0000011101001000001110001110010001000000000
0000011101000000001110001010011010000000000
0000011100111100001110001110010001000000000
0000011100111000001110000110010001000000000
0000011100110100001110001000010001000000000
0000011100110000001110001100010001000000000
0000011101000100000000000001110001000000000
0000011101010000000000000001111001000000000
0000011101100100001110010100010000000000000
0000011101100000001110011000010001000000000
0000011101011000001110010100011010000000000
0000011101010100001110011000010001000000000
0000011101000100001110010000010001000000000
0000011101000000001110010010010001000000000
0000011100111100001110010110010001000000000
0000011101011100000000000001110001000000000
0000011101101000000000000001111001000000000
0000011101111100001110011110010000000000000
0000011101111000001110100010010001000000000
0000011101110000001110011110011010000000000
0000011101101100001110100010010001000000000
0000011101011100001110011010010001000000000
0000011101011000001110011100010001000000000
0000011101010100001110100000010001000000000
0000011101110100000000000001110001000000000
0000011110000000000000000001111001000000000
0000011110010100001110101000010000000000000
0000011110010000001110101100010001000000000
0000011110001000001110101000011010000000000
0000011110000100001110101100010001000000000
0000011101110100001110100100010001000000000
0000011101110000001110100110010001000000000
0000011101101100001110101010010001000000000
0000011110001100000000000001110001000000000
0000011011101100000000000001110001000000000
0000011110011000000000000001111001000000000
0000010001101000001101110000010000000000000
0000011110100100000000000001110001000000000
0000011110111000001110110010010000000000000
0000011110110100001110110110010001000000000
0000011110101100001110110010011010000000000
0000011110101000001110110110010001000000000
0000011110100100001110101110010001000000000
0000011110100000001110110000010001000000000
0000011110011100001110110100010001000000000
0000011110110000000000000001110001000000000
0000011110111100000000000001111001000000000
0000011111010000001110111100010000000000000
0000011111001100001111000000010001000000000
0000011111000100001110111100011010000000000
0000011111000000001111000000010001000000000
0000011110110000001110111000010001000000000
0000011110101100001110111010010001000000000
0000011110101000001110111110010001000000000
0000011111001000000000000001110001000000000
0000011011110000000000000001110001000000000
0000011111010100000000000001111001000000000
0000010011101100001111000010010000000000000
0000011111101100000000000001110001000000000
0000100000000000001111001010010000000000000
0000011111111100001111001110010001000000000
0000011111110100001111001010011010000000000
0000011111110000001111001110010001000000000
0000011111101100001111000110010001000000000
0000011111101000001111001000010001000000000
0000011111100100001111001100010001000000000
0000011111111000000000000001110001000000000
0000100000000100000000000001111001000000000
0000100000011000001111010100010000000000000
0000100000010100001111011000010001000000000
0000100000001100001111010100011010000000000
0000100000001000001111011000010001000000000
0000011111111000001111010000010001000000000
0000011111110100001111010010010001000000000
0000011111110000001111010110010001000000000
0000100000010000000000000001110001000000000
0000011111011000000000000001110001000000000
0000100000011100000000000001111001000000000
0000010011101110001000010000010000000000000
0000100000101000000000000001110001000000000
0000100000111100001111011110010000000000000
0000100000111000001111100010010001000000000
0000100000110000001111011110011010000000000
0000100000101100001111100010010001000000000
0000100000101000001111011010010001000000000
0000100000100100001111011100010001000000000
0000100000100000001111100000010001000000000
0000100000110100000000000001110001000000000
0000100001000000000000000001111001000000000
0000100001010100001111101000010000000000000
0000100001010000001111101100010001000000000
0000100001001000001111101000011010000000000
0000100001000100001111101100010001000000000
0000100000110100001111100100010001000000000
0000100000110000001111100110010001000000000
0000100000101100001111101010010001000000000
0000100001001100000000000001110001000000000
0000100001011000000000000001111001000000000
0000100001101100001111110010010000000000000
0000100001101000001111110110010001000000000
0000100001100000001111110010011010000000000
0000100001011100001111110110010001000000000
0000100001001100001111101110010001000000000
0000100001001000001111110000010001000000000
0000100001000100001111110100010001000000000
0000100001100100000000000001110001000000000
0000100001110000000000000001111001000000000
0000100010000100001111111100010000000000000
0000100010000000010000000000010001000000000
0000100001111000001111111100011010000000000
0000100001110100010000000000010001000000000
0000100001100100001111111000010001000000000
0000100001100000001111111010010001000000000
0000100001011100001111111110010001000000000
0000100001111100000000000001110001000000000
0000011111011100000000000001110001000000000
0000100010001000000000000001111001000000000
0000010011101100001111000100010000000000000
0000100010010100000000000001110001000000000
0000100010101000010000000110010000000000000
0000100010100100010000001010010001000000000
0000100010011100010000000110011010000000000
0000100010011000010000001010010001000000000
0000100010010100010000000010010001000000000
0000100010010000010000000100010001000000000
0000100010001100010000001000010001000000000
0000100010100000000000000001110001000000000
0000100010101100000000000001111001000000000
0000100011000000010000010000010000000000000
0000100010111100010000010100010001000000000
0000100010110100010000010000011010000000000
0000100010110000010000010100010001000000000
0000100010100000010000001100010001000000000
0000100010011100010000001110010001000000000
0000100010011000010000010010010001000000000
0000100010111000000000000001110001000000000
0000011111100000000000000001110001000000000
0000100011000100000000000001111001000000000
0000010101110000010000010110010000000000000
0000100011011100000000000001110001000000000
0000100011110000010000011110010000000000000
0000100011101100010000100010010001000000000
0000100011100100010000011110011010000000000
0000100011100000010000100010010001000000000
0000100011011100010000011010010001000000000
0000100011011000010000011100010001000000000
0000100011010100010000100000010001000000000
0000100011101000000000000001110001000000000
0000100011110100000000000001111001000000000
0000100100001000010000101000010000000000000
0000100100000100010000101100010001000000000
0000100011111100010000101000011010000000000
0000100011111000010000101100010001000000000
0000100011101000010000100100010001000000000
0000100011100100010000100110010001000000000
0000100011100000010000101010010001000000000
0000100100000000000000000001110001000000000
0000100011001000000000000001110001000000000
0000100100001100000000000001111001000000000
0000010101110010001000010000010000000000000
0000100100011000000000000001110001000000000
0000100100101100010000110010010000000000000
0000100100101000010000110110010001000000000
0000100100100000010000110010011010000000000
0000100100011100010000110110010001000000000
0000100100011000010000101110010001000000000
0000100100010100010000110000010001000000000
0000100100010000010000110100010001000000000
0000100100100100000000000001110001000000000
0000100100110000000000000001111001000000000
0000100101000100010000111100010000000000000
0000100101000000010001000000010001000000000
0000100100111000010000111100011010000000000
0000100100110100010001000000010001000000000
0000100100100100010000111000010001000000000
0000100100100000010000111010010001000000000
0000100100011100010000111110010001000000000
0000100100111100000000000001110001000000000
0000100101001000000000000001111001000000000
0000100101011100010001000110010000000000000
0000100101011000010001001010010001000000000
0000100101010000010001000110011010000000000
0000100101001100010001001010010001000000000
0000100100111100010001000010010001000000000
0000100100111000010001000100010001000000000
0000100100110100010001001000010001000000000
0000100101010100000000000001110001000000000
0000100101100000000000000001111001000000000
0000100101110100010001010000010000000000000
0000100101110000010001010100010001000000000
0000100101101000010001010000011010000000000
0000100101100100010001010100010001000000000
0000100101010100010001001100010001000000000
0000100101010000010001001110010001000000000
0000100101001100010001010010010001000000000
0000100101101100000000000001110001000000000
0000100011001100000000000001110001000000000
0000100101111000000000000001111001000000000
0000010101110000010000011000010000000000000
0000100110000100000000000001110001000000000
0000100110011000010001011010010000000000000
0000100110010100010001011110010001000000000
0000100110001100010001011010011010000000000
0000100110001000010001011110010001000000000
0000100110000100010001010110010001000000000
0000100110000000010001011000010001000000000
0000100101111100010001011100010001000000000
0000100110010000000000000001110001000000000
0000100110011100000000000001111001000000000
0000100110110000010001100100010000000000000
0000100110101100010001101000010001000000000
0000100110100100010001100100011010000000000
0000100110100000010001101000010001000000000
0000100110010000010001100000010001000000000
0000100110001100010001100010010001000000000
0000100110001000010001100110010001000000000
0000100110101000000000000001110001000000000
0000100011010000000000000001110001000000000
0000100110110100000000000001111001000000000
0000100011001110001000010000010000000000000
1000001100010000000000000001110001000000000
0000100011010010001000010000010000000000000
1000001100010100000000000001110001000000000
0000100011001010001000010000010000000000000
1000001100001100000000000001110001000000000
0000011111100010001000010000010000000000000
1000001100100000000000000001110001000000000
0000011111011010001000010000010000000000000
1000001100011000000000000001110001000000000
0000011111011110001000010000010000000000000
1000001100011100000000000001110001000000000
0000011011110010001000010000010000000000000
1000001100101100000000000001110001000000000
0000011011101110001000010000010000000000000
1000001100101000000000000001110001000000000
0000011011101010001000010000010000000000000
1000001100100100000000000001110001000000000
0000010111111110001000010000010000000000000
1000001100110100000000000001110001000000000
0000010111111010001000010000010000000000000
1000001100110000000000000001110001000000000
0000010111110100010001101010010000000000000
0000100111001100000000000001110001000000000
0000100111100000010001110010010000000000000
0000100111011100010001110110010001000000000
0000100111010100010001110010011010000000000
0000100111010000010001110110010001000000000
0000100111001100010001101110010001000000000
0000100111001000010001110000010001000000000
0000100111000100010001110100010001000000000
0000100111011000000000000001110001000000000
0000100111100100000000000001111001000000000
0000100111111000010001111100010000000000000
0000100111110100010010000000010001000000000
0000100111101100010001111100011010000000000
0000100111101000010010000000010001000000000
0000100111011000010001111000010001000000000
0000100111010100010001111010010001000000000
0000100111010000010001111110010001000000000
0000100111110000000000000001110001000000000
0000100110111000000000000001110001000000000
0000100111111100000000000001111001000000000
0000010111110110001000010000010000000000000
0000101000001000000000000001110001000000000
0000101000011100010010000110010000000000000
0000101000011000010010001010010001000000000
0000101000010000010010000110011010000000000
0000101000001100010010001010010001000000000
0000101000001000010010000010010001000000000
0000101000000100010010000100010001000000000
0000101000000000010010001000010001000000000
0000101000010100000000000001110001000000000
0000101000100000000000000001111001000000000
0000101000110100010010010000010000000000000
0000101000110000010010010100010001000000000
0000101000101000010010010000011010000000000
0000101000100100010010010100010001000000000
0000101000010100010010001100010001000000000
0000101000010000010010001110010001000000000
0000101000001100010010010010010001000000000
0000101000101100000000000001110001000000000
0000101000111000000000000001111001000000000
0000101001001100010010011010010000000000000
0000101001001000010010011110010001000000000
0000101001000000010010011010011010000000000
0000101000111100010010011110010001000000000
0000101000101100010010010110010001000000000
0000101000101000010010011000010001000000000
0000101000100100010010011100010001000000000
0000101001000100000000000001110001000000000
0000101001010000000000000001111001000000000
0000101001100100010010100100010000000000000
0000101001100000010010101000010001000000000
0000101001011000010010100100011010000000000
0000101001010100010010101000010001000000000
0000101001000100010010100000010001000000000
0000101001000000010010100010010001000000000
0000101000111100010010100110010001000000000
0000101001011100000000000001110001000000000
0000100110111100000000000001110001000000000
0000101001101000000000000001111001000000000
0000010111110100010001101100010000000000000
0000101001110100000000000001110001000000000
0000101010001000010010101110010000000000000
0000101010000100010010110010010001000000000
0000101001111100010010101110011010000000000
0000101001111000010010110010010001000000000
0000101001110100010010101010010001000000000
0000101001110000010010101100010001000000000
0000101001101100010010110000010001000000000
0000101010000000000000000001110001000000000
0000101010001100000000000001111001000000000
0000101010100000010010111000010000000000000
0000101010011100010010111100010001000000000
0000101010010100010010111000011010000000000
0000101010010000010010111100010001000000000
0000101010000000010010110100010001000000000
0000101001111100010010110110010001000000000
0000101001111000010010111010010001000000000
0000101010011000000000000001110001000000000
0000100111000000000000000001110001000000000
0000101010100100000000000001111001000000000
0000010111110110001000010000010000000000000
1000001100000000000000000001110001000000000
0000010111110110001000010000010000000000000
1000001100000100000000000001110001000000000
0000011000000010001000010000010000000000000
1000001100111000000000000001110001000000000
0000100111000010001000010000010000000000000
1000001100001000000000000001110001000000000
0000000000000000000000000000000000000000000
1100000000011000000000000000000000000000000
0000000000000000000000000000000000000000000
1100000001100000000000100000000000000000000
0000000000000000000000000000000000000000000
